%{
246 => [4,16,47,48,131],
248 => [2,126,139],
352 => [6,123,124,125,128,129,130],
568 => [8,66,127,132,179,404,405,444,445],
611 => [6,38,39,133,137,316,347],
1393 => [5,373,374,375,380,467],
2010 => [4,284,285,403,436],
2064 => [5,90,91,409,410,435],
2441 => [10,72,185,399,400,401,402,403,425,426,427],
2850 => [6,118,119,120,121,122,209],
2949 => [7,150,151,152,153,154,442,443],
3042 => [7,157,158,159,451,452,453,488],
3115 => [7,86,221,222,223,224,330,331],
3155 => [6,229,230,241,320,334,335],
3173 => [4,236,239,271,276],
3259 => [6,181,182,235,236,240,247],
3307 => [2,146,242],
3458 => [6,65,113,177,217,237,248],
4667 => [7,13,87,140,280,384,473,474],
5235 => [11,21,22,23,24,25,26,27,49,50,446,447],
5891 => [4,33,34,348,349],
6230 => [4,63,110,180,249],
6860 => [4,92,93,155,156],
6883 => [4,92,93,312,313],
7179 => [4,98,99,342,343],
7280 => [4,5,51,100,101],
9029 => [5,138,191,283,414,415],
9188 => [2,213,279],
9261 => [3,215,222,281],
9262 => [2,218,251],
9342 => [4,176,216,220,251],
9964 => [3,227,228,244],
10374 => [2,238,245],
10684 => [4,64,102,272,275],
11016 => [6,210,211,219,297,298,321],
11397 => [5,88,89,323,324,325],
11595 => [4,326,328,329,361],
11812 => [4,338,339,344,345],
11969 => [4,350,351,352,353],
12130 => [4,354,355,366,503],
12322 => [4,326,327,329,360],
12392 => [4,95,96,278,364],
12487 => [6,93,117,231,359,367,487],
12646 => [6,396,397,398,430,431,432],
12875 => [7,225,226,227,406,407,496,497],
13103 => [8,170,292,293,416,417,418,506,507],
13298 => [6,193,194,286,422,423,424],
14452 => [4,85,205,287,448],
15763 => [6,53,54,260,261,469,470],
18529 => [5,52,198,336,337,358],
18538 => [2,69,200],
19940 => [2,70,199],
20647 => [2,4,289],
20668 => [1,5,195,291,479,480],
20669 => [5,196,290,291,479,480],
22386 => [7,19,20,79,80,243,427,460],
23622 => [6,18,144,145,363,494,495],
23901 => [6,67,81,82,430,431,489],
25974 => [6,74,83,84,480,481,482],
27080 => [5,161,162,163,164,450],
27849 => [6,183,184,188,189,190,430],
30827 => [6,294,295,296,299,300,301],
33131 => [9,30,31,32,212,255,256,257,258,408],
33190 => [5,252,253,254,412,413],
36507 => [6,147,148,449,450,495,500],
37778 => [3,450,501,504],
38063 => [7,171,172,173,174,175,418,428],
38217 => [5,68,71,72,411,439],
38382 => [4,62,440,441,506],
39017 => [8,14,15,22,23,24,25,29,268],
39077 => [8,21,29,134,135,136,141,142,143],
39119 => [6,36,37,385,386,391,471],
39663 => [7,21,38,109,250,462,463,464],
39709 => [3,28,43,56],
40633 => [4,263,264,382,383],
40833 => [4,262,263,266,267],
41165 => [5,101,178,273,456,468],
41196 => [4,42,274,433,434],
41385 => [4,370,393,475,477],
41744 => [4,375,376,377,378],
42315 => [5,259,260,380,381,457],
42658 => [4,386,387,388,389],
42833 => [9,46,269,270,371,372,389,391,394,471],
43829 => [12,22,23,24,25,45,46,269,332,333,458,459,460],
44804 => [8,192,283,378,379,390,391,423,470],
44977 => [10,419,420,421,437,438,465,466,471,472,505],
45717 => [6,61,186,187,188,306,307],
47877 => [6,103,149,160,222,223,288],
48923 => [6,302,303,304,305,308,326],
49228 => [6,17,55,97,98,277,317],
52110 => [8,309,310,311,321,355,490,491,492],
53276 => [2,282,365],
55671 => [6,111,112,113,114,115,116],
55675 => [2,40,41],
55760 => [7,454,455,461,462,476,477,478],
55810 => [4,35,43,44,378],
56144 => [6,73,74,75,168,169,170],
56642 => [4,94,314,315,362],
56704 => [6,103,104,105,206,207,208],
56893 => [6,76,77,78,165,166,167],
56922 => [2,197,202],
56965 => [6,106,107,108,203,204,205],
57150 => [6,232,233,234,246,356,357],
57906 => [4,318,319,340,341],
57922 => [3,5,201,214,321,322],
60233 => [6,99,346,483,484,485,486],
60594 => [4,34,60,493,502],
61650 => [7,57,58,59,428,429,498,499],
62336 => [5,265,394,395,454,462],
62363 => [5,368,369,386,391,392]
}